四元数插值
0.273224,0.560848,0.454218,-0.635991	-0.828175,0.101588,0.472816,0.283287
0.881649
0.843837,-0.002079,-0.377624,-0.381229
四元数转换欧拉角
0.507859,-0.059452,-0.446084,-0.734543	-2.294019,-0.765708,-1.690624
矩阵转换欧拉角
0.575644,-0.181867,0.797219,0.000000,-0.181867,0.922057,0.341665,0.000000,-0.797219,-0.341665,0.497701,0.000000,0.000000,0.000000,0.000000,1.000000		-58.023613,19.978348,-11.157827
四元数转换欧拉角
0.477639,0.560340,-0.644809,-0.205186	-1.355940,-1.164610,0.754671
向量转换欧拉角
-9.000000,-9.000000,-6.000000	-56.309933,39.762161,0.000000
向量转换欧拉角
1.000000,4.000000,-5.000000	11.309933,38.112926,0.000000
四元数求角度和旋转轴
-0.513971,-0.123919,0.629881,-0.568971	241.857422 	-0.144460,0.734292,-0.663285
四元数转换欧拉角
-0.061219,-0.453006,0.560181,0.690822	2.377931,-0.633679,-2.040711
欧拉角标准化
-32.795300,1734.849976,990.721985	-32.795300,-65.150024,-89.278015
四元数转换矩阵
-0.306678,-0.338202,0.888897,0.037822	-0.583137,-0.624452,0.519627,0.000000,-0.578055,0.768378,0.274679,0.000000,-0.570794,-0.140198,-0.809037,0.000000,0.000000,0.000000,0.000000,1.000000
四元数求差
0.277441,0.153335,-0.489664,0.812247	-0.403650,-0.138826,-0.531380,0.731730
0.721266,0.096688,-0.570040,0.381418
四元数求角度和旋转轴
-0.237263,0.719591,0.482084,0.439876	207.450134 	0.740742,0.496254,0.452805
欧拉角转换向量
-900.851013,-295.705994,-486.325012	-0.006442,0.901032,0.433705
矩阵正交化
5.00,8.00,0.00,0.00,-8.00,1.00,-7.00,0.00,-7.00,-5.00,0.00,0.00,0.00,0.00,0.00,1.00	0.529999,0.847998,0.000000,0.000000,-0.612631,0.382894,-0.691430,0.000000,-0.586331,0.366457,0.722444,0.000000,0.000000,0.000000,0.000000,1.000000
四元数相乘
0.179055,-0.444991,0.524521,0.703420	-0.553869,-0.487856,0.513227,-0.437976
-0.277382,-0.431628,-0.736683,-0.440515
四元数单位化
6.902370,-6.141240,5.508900,-4.120910	1.000000,0.000000,0.000000,0.000000
欧拉角转换四元数
-534.995972,-92.123199,-660.023987	-0.385806,0.373713,0.584710,0.607954
四元数求差
-0.708082,-0.689743,-0.134624,0.068918	-0.401044,0.007317,0.694911,0.596833
0.226507,-0.410038,-0.133879,-0.873294
矩阵转换四元数
-0.24,0.62,0.75,0.00,0.07,-0.76,0.65,0.00,0.97,0.21,0.14,0.00,0.00,0.00,0.00,1.00	0.186673,0.585803,0.292902,0.732254
欧拉角转换四元数
981.054016,-165.404007,1256.380005	0.756173,-0.116865,0.641171,0.058690
矩阵转换四元数
0.86,-0.03,-0.50,0.00,-0.17,0.93,-0.33,0.00,0.48,0.37,0.80,0.00,0.00,0.00,0.00,1.00	0.947337,-0.184890,0.258845,0.036978
四元数求差
0.339978,-0.487678,0.787211,0.163962	-0.039469,0.528564,-0.659353,-0.533213
-0.877665,-0.151191,-0.366467,-0.269349
矩阵转换欧拉角
0.928038,-0.365697,-0.070784,0.000000,0.310342,0.654031,0.689878,0.000000,-0.205991,-0.662200,0.720457,0.000000,0.000000,0.000000,0.000000,1.000000		-15.956141,41.467873,-29.211443
欧拉角转换矩阵
291.092010,-71.468300,1462.160034	0.666961,0.119883,0.735385,0.000000,0.683542,0.294353,-0.667927,0.000000,-0.296536,0.948148,0.114376,0.000000,0.000000,0.000000,0.000000,1.000000
矩阵转换欧拉角
0.304958,0.113288,0.945604,0.000000,-0.413847,-0.878491,0.238714,0.000000,0.857748,-0.464133,-0.221019,0.000000,0.000000,0.000000,0.000000,1.000000		104.449295,27.654125,172.651825
四元数插值
-0.077165,0.470186,0.814910,0.329989	0.254160,0.695453,-0.652844,0.159821
0.136540
-0.122160,0.312136,0.898867,0.282289
四元数相乘
-0.717841,0.473652,0.122925,-0.495225	0.022483,0.573946,-0.744368,-0.340582
-0.365153,-0.811849,0.414187,-0.189774
欧拉角标准化
-772.088013,-484.016998,-420.184998	-52.088013,55.983002,-60.184998
矩阵正交化
-6.00,-2.00,0.00,0.00,7.00,2.00,-1.00,0.00,-6.00,-4.00,2.00,0.00,0.00,0.00,0.00,1.00	-0.948683,-0.316228,0.000000,0.000000,0.095347,-0.286039,-0.953463,0.000000,0.301512,-0.904535,0.301509,0.000000,0.000000,0.000000,0.000000,1.000000
四元数单位化
-8.005920,-3.077790,5.389870,6.746730	1.000000,0.000000,0.000000,0.000000
四元数求逆
2.619400,3.190710,-0.513626,-6.251110	0.046458,-0.056591,0.009110,0.110871
四元数插值
0.574065,-0.443578,0.034015,0.687409	0.813944,-0.406551,0.120898,0.396982
0.725669
0.759128,-0.423229,0.098359,0.484693
矩阵转换四元数
0.62,0.36,-0.70,0.00,-0.70,0.66,-0.28,0.00,0.36,0.66,0.66,0.00,0.00,0.00,0.00,1.00	0.855692,-0.275380,0.309803,0.309803
欧拉角转换四元数
1570.380005,-824.604004,-1240.339966	-0.751479,0.603595,0.232377,0.130206
向量转换欧拉角
0.000000,-6.000000,-4.000000	0.000000,56.309933,0.000000
四元数求角度和旋转轴
0.300264,-0.526710,-0.032702,0.794575	145.053085 	-0.552190,-0.034284,0.833013
四元数相乘
0.707571,-0.191952,-0.050926,0.678162	0.616288,0.648056,-0.050121,-0.444636
0.859446,0.396881,0.287289,0.145955
欧拉角转换矩阵
422.053009,-58.394199,-712.979004	0.373178,0.064059,-0.925546,0.000000,-0.803996,0.520142,-0.288170,0.000000,0.462956,0.851674,0.245609,0.000000,0.000000,0.000000,0.000000,1.000000
欧拉角转换矩阵
-1570.819946,-1213.750000,-1279.449951	0.798409,-0.230262,-0.556347,0.000000,-0.297800,0.652050,-0.697242,0.000000,0.523315,0.722364,0.452030,0.000000,0.000000,0.000000,0.000000,1.000000
欧拉角转换向量
205.395996,209.350998,1485.449951	-0.373819,-0.490158,-0.787403
四元数点乘
-0.682230,0.081442,0.244017,-0.684387	0.667508,-0.362537,-0.645018,0.083377
-0.699377
四元数单位化
7.728810,2.059080,-8.759120,-9.438460	1.000000,0.000000,0.000000,0.000000
欧拉角转换向量
1375.589966,1166.729980,1728.150024	0.051447,0.998372,-0.024638
四元数转换矩阵
0.615569,0.248943,0.493021,-0.562168	-0.118205,-0.446638,-0.886873,0.000000,0.937575,0.243989,-0.247838,0.000000,0.327081,-0.860804,0.389915,0.000000,0.000000,0.000000,0.000000,1.000000
四元数转换矩阵
-0.145882,0.143362,0.290504,-0.934758	-0.916330,0.356023,-0.183259,0.000000,-0.189434,-0.788650,-0.584930,0.000000,-0.352776,-0.501274,0.790110,0.000000,0.000000,0.000000,0.000000,1.000000
四元数求逆
-8.308050,9.686270,-1.073950,8.448440	-0.035297,-0.041152,0.004563,-0.035893
四元数点乘
-0.042498,-0.565650,0.655038,-0.499158	-0.846773,0.320020,0.424917,-0.002985
0.134794
矩阵正交化
3.00,0.00,-5.00,0.00,-6.00,8.00,0.00,0.00,2.00,8.00,10.00,0.00,0.00,0.00,0.00,1.00	0.514496,0.000000,-0.857493,0.000000,-0.463830,0.841078,-0.278298,0.000000,0.721219,0.540914,0.432731,0.000000,0.000000,0.000000,0.000000,1.000000
四元数求逆
-8.499100,-6.129030,5.300760,3.236490	-0.057282,0.041308,-0.035726,-0.021813
四元数点乘
0.488295,0.310426,-0.663069,0.474913	0.341175,0.203304,0.711421,0.579782
0.033330
欧拉角标准化
-1198.040039,1411.510010,-413.592987	-118.040039,-28.489990,-53.592987
欧拉角标准化
-1198.040039,1411.510010,-413.592987	-118.040039,-28.489990,-53.592987
